[gd_scene load_steps=2 format=3 uid="uid://bmc6qg4yq7r8f"]

[ext_resource type="PackedScene" uid="uid://d37xypqkpuc7b" path="res://assets/robot/Robot.glb" id="1_br0rw"]

[node name="Robot" instance=ExtResource("1_br0rw")]

[node name="Skeleton3D" parent="RobotArmature" index="0"]
bones/1/position = Vector3(0.6367221, 0.03057921, 0.05701467)
bones/1/rotation = Quaternion(8.277719e-09, 0.69554955, 0.71847814, 1.3542848e-07)
bones/2/position = Vector3(0.0052458956, 1.4139696, 0.30771977)
bones/6/rotation = Quaternion(-0.04338092, -0.014181297, 0.028290277, 0.9985573)
bones/7/position = Vector3(-7.988435e-09, 0.30986625, -3.1278082e-09)
bones/7/rotation = Quaternion(-0.030921107, -0.002856181, -0.0012830468, 0.999517)
bones/8/position = Vector3(0.58273774, 0.2967202, 0.032441314)
bones/8/rotation = Quaternion(-0.011449723, -0.053247064, -0.9761998, 0.20992282)
bones/9/rotation = Quaternion(-0.05458577, -0.6898865, 0.06921381, 0.71853083)
bones/10/rotation = Quaternion(0.3099923, 0.49933755, -0.3649401, 0.72207034)
bones/12/rotation = Quaternion(-0.004421116, 0.023823926, -0.552072, 0.83344424)
bones/13/rotation = Quaternion(-0.038110837, 0.00093412737, -0.6996557, 0.7134624)
bones/14/rotation = Quaternion(0.72987425, 0.63534135, 0.21108933, 0.13808037)
bones/15/rotation = Quaternion(-0.24897386, 0.62718445, 0.63088644, -0.38292828)
bones/17/rotation = Quaternion(0.046735357, -0.3961112, -0.5890609, 0.7027938)
bones/18/rotation = Quaternion(-0.04258722, -0.0183796, -0.69996244, 0.71267194)
bones/20/rotation = Quaternion(-0.068016775, 0.48318526, -0.58401364, 0.64871716)
bones/21/rotation = Quaternion(-0.042587273, -0.018379478, -0.6999624, 0.7126719)
bones/22/position = Vector3(-0.6368158, 0.29674712, 0.0324391)
bones/22/rotation = Quaternion(-0.012289038, 0.05306038, 0.972768, 0.22529101)
bones/23/rotation = Quaternion(0.04357234, 0.80457, 0.057477925, 0.58946157)
bones/24/rotation = Quaternion(0.08972549, -0.70505804, 0.2550136, 0.65559953)
bones/26/rotation = Quaternion(-0.043678366, -0.010327789, 0.52508897, 0.84986305)
bones/27/rotation = Quaternion(0.03486807, -0.039005544, 0.50471896, 0.86169696)
bones/28/rotation = Quaternion(0.6694647, -0.5870135, -0.27999583, 0.3589353)
bones/29/rotation = Quaternion(-0.13557225, 0.7351331, 0.59462106, -0.29601583)
bones/31/rotation = Quaternion(-0.5046626, -0.573821, 0.13577409, 0.6305637)
bones/32/rotation = Quaternion(-0.041869216, -0.012042682, 0.527238, 0.84860003)
bones/33/rotation = Quaternion(-0.11510857, 0.8580546, -0.363121, -0.3444351)
bones/34/rotation = Quaternion(0.57521844, 0.55290127, 0.11674297, 0.5914347)
bones/35/rotation = Quaternion(0.13860285, 0.024902994, 0.4270629, 0.89318895)
bones/36/rotation = Quaternion(0.98551816, 0.017586568, -0.08428416, 0.1460855)
bones/36/scale = Vector3(0.9999998, 1.0000008, 1.0000167)
bones/37/rotation = Quaternion(0.27715433, 1.279918e-07, -7.259224e-08, 0.9608254)
bones/38/rotation = Quaternion(0.9795268, -0.025747525, 0.13731024, 0.14494905)
bones/38/scale = Vector3(0.9999996, 1.0000008, 1.000017)
bones/39/rotation = Quaternion(0.27715433, -3.0496278e-07, 3.9081037e-08, 0.9608254)
bones/40/position = Vector3(0.9135232, 1.0580838, 1.7094883)
bones/41/position = Vector3(-0.63688064, 0.030579211, 0.057013966)
bones/41/rotation = Quaternion(5.221735e-07, 0.6955496, 0.7184781, 6.329244e-07)
bones/42/position = Vector3(-1.1009122, 1.0580838, 1.7094872)

[node name="Foot_L" parent="RobotArmature/Skeleton3D" index="0"]
transform = Transform3D(-1, 2.9349673e-07, 2.15749e-07, 2.0611994e-07, -0.0324217, 0.9994743, 3.0033743e-07, 0.9994741, 0.03242165, 0.6335266, 0.024694035, -0.13803373)

[node name="Head_2" parent="RobotArmature/Skeleton3D" index="1"]
transform = Transform3D(0.99793136, -0.05052444, -0.03975309, 0.052055053, 0.9979033, 0.03845857, 0.03772665, -0.04044839, 0.99846894, -0.01712584, 3.0055125, -0.011247004)

[node name="UpperArm_L" parent="RobotArmature/Skeleton3D" index="2"]
transform = Transform3D(0.036719695, 0.4266984, 0.9036482, -0.17517099, -0.8875088, 0.42619568, 0.983853, -0.17394267, 0.04215611, 0.6172826, 2.3303907, -0.016843257)

[node name="Shoulder_L" parent="RobotArmature/Skeleton3D" index="3"]
transform = Transform3D(-0.9116026, 0.4110725, -1.7189403e-06, -0.41107246, -0.9116025, -1.1846423e-06, -2.0377338e-06, -3.2782555e-07, 0.99999994, 0.58273774, 2.4069982, -0.01684323)

[node name="UpperArm_R" parent="RobotArmature/Skeleton3D" index="4"]
transform = Transform3D(0.209988, -0.43715444, -0.8745289, -0.256283, -0.8878064, 0.3822542, -0.94351685, 0.1438581, -0.298464, -0.6817346, 2.3152506, -0.016843278)

[node name="Shoulder_R" parent="RobotArmature/Skeleton3D" index="5"]
transform = Transform3D(-0.89818585, -0.43961585, -1.3184716e-06, 0.4396159, -0.89818573, 2.5331974e-07, -1.3113022e-06, -3.2782555e-07, 1, -0.6368158, 2.4070253, -0.016843244)

[node name="LowerLeg_L" parent="RobotArmature/Skeleton3D" index="6"]
transform = Transform3D(0.9851735, -0.035562422, -0.16783608, 0.010038524, -0.96465975, 0.26331568, -0.17126581, -0.26110828, -0.9500108, 0.66652286, 0.91975945, 0.10423231)

[node name="UpperLeg_L" parent="RobotArmature/Skeleton3D" index="7"]
transform = Transform3D(0.98517346, 0.059289403, -0.16099219, 0.010038376, -0.95670027, -0.29090917, -0.17126606, 0.28497547, -0.9431261, 0.6302966, 1.50431, -0.069889694)

[node name="LowerLeg_R" parent="RobotArmature/Skeleton3D" index="8"]
transform = Transform3D(0.9609659, 0.06291106, 0.2694222, -0.010634889, -0.96469, 0.26318166, 0.2764609, -0.25578576, -0.92637575, -0.6984475, 0.9197874, 0.09929344)

[node name="UpperLeg_R" parent="RobotArmature/Skeleton3D" index="9"]
transform = Transform3D(0.9609657, -0.090246625, 0.26153776, -0.010634801, -0.9566545, -0.29103872, 0.27646148, 0.27689245, -0.92028725, -0.64330614, 1.50431, -0.069889784)

[node name="Body" parent="RobotArmature/Skeleton3D" index="10"]
transform = Transform3D(1, 0, 7.1525574e-07, 0, 1, 0, -7.1525574e-07, 0, 1, 0.0020505793, 1.4080845, 0.11267167)

[node name="Foot_R" parent="RobotArmature/Skeleton3D" index="11"]
transform = Transform3D(-1, 2.9349707e-07, 1.6462611e-06, 1.6358797e-06, -0.03242148, 0.9994744, 3.467169e-07, 0.99947464, 0.032421473, -0.6400761, 0.024694037, -0.13803382)
